minute	sent	sent_m	rec	rec_m	p_ch	p_ch_m	DIS	DIS_m 	DIO	DIO_m	DAO	DAO_m	bat_25	bat_50	bat_75 	bat_100
0 	 0 	 0 	 0 	 0 	 91 	 91 	 49 	 49 	 93 	 93 	 163 	 163 	 0 	 0 	 0 	 0
1 	 94 	 94 	 65 	 65 	 152 	 61 	 49 	 0 	 274 	 181 	 593 	 430 	 0 	 0 	 0 	 0
2 	 193 	 99 	 142 	 77 	 194 	 42 	 49 	 0 	 395 	 121 	 870 	 277 	 0 	 0 	 0 	 0
3 	 291 	 98 	 220 	 78 	 202 	 8 	 49 	 0 	 446 	 51 	 970 	 100 	 1 	 0 	 0 	 0
4 	 390 	 99 	 297 	 77 	 230 	 28 	 49 	 0 	 547 	 101 	 1143 	 173 	 2 	 0 	 0 	 0
5 	 487 	 97 	 375 	 78 	 234 	 4 	 49 	 0 	 591 	 44 	 1203 	 60 	 3 	 0 	 0 	 0
6 	 587 	 100 	 465 	 90 	 242 	 8 	 49 	 0 	 620 	 29 	 1239 	 36 	 6 	 0 	 0 	 0
7 	 686 	 99 	 554 	 89 	 254 	 12 	 49 	 0 	 667 	 47 	 1335 	 96 	 11 	 1 	 0 	 0
8 	 784 	 98 	 633 	 79 	 271 	 17 	 49 	 0 	 735 	 68 	 1443 	 108 	 18 	 1 	 0 	 0
9 	 882 	 98 	 713 	 80 	 285 	 14 	 49 	 0 	 787 	 52 	 1536 	 93 	 21 	 2 	 0 	 0
10 	 980 	 98 	 795 	 82 	 289 	 4 	 49 	 0 	 812 	 25 	 1562 	 26 	 29 	 2 	 0 	 0
11 	 1078 	 98 	 877 	 82 	 291 	 2 	 49 	 0 	 826 	 14 	 1575 	 13 	 34 	 1 	 1 	 0
12 	 1174 	 96 	 954 	 77 	 295 	 4 	 49 	 0 	 849 	 23 	 1601 	 26 	 34 	 3 	 1 	 0
13 	 1273 	 99 	 1039 	 85 	 299 	 4 	 49 	 0 	 865 	 16 	 1625 	 24 	 37 	 3 	 2 	 0
14 	 1371 	 98 	 1113 	 74 	 305 	 6 	 49 	 0 	 902 	 37 	 1688 	 63 	 39 	 3 	 2 	 0
15 	 1468 	 97 	 1192 	 79 	 353 	 48 	 49 	 0 	 974 	 72 	 1922 	 234 	 40 	 5 	 1 	 1
16 	 1563 	 95 	 1277 	 85 	 381 	 28 	 49 	 0 	 1072 	 98 	 2259 	 337 	 34 	 13 	 1 	 1
17 	 1659 	 96 	 1359 	 82 	 391 	 10 	 49 	 0 	 1132 	 60 	 2466 	 207 	 28 	 19 	 1 	 1
18 	 1757 	 98 	 1448 	 89 	 397 	 6 	 49 	 0 	 1175 	 43 	 2589 	 123 	 27 	 19 	 2 	 1
19 	 1852 	 95 	 1532 	 84 	 401 	 4 	 49 	 0 	 1208 	 33 	 2690 	 101 	 24 	 20 	 4 	 1
20 	 1947 	 95 	 1621 	 89 	 404 	 3 	 49 	 0 	 1227 	 19 	 2751 	 61 	 21 	 22 	 5 	 1
21 	 2043 	 96 	 1707 	 86 	 406 	 2 	 49 	 0 	 1244 	 17 	 2777 	 26 	 20 	 22 	 5 	 2
22 	 2137 	 94 	 1763 	 56 	 411 	 5 	 49 	 0 	 1268 	 24 	 2858 	 81 	 17 	 22 	 7 	 3
23 	 2227 	 90 	 1815 	 52 	 415 	 4 	 49 	 0 	 1300 	 32 	 2925 	 67 	 15 	 22 	 6 	 6
24 	 2311 	 84 	 1869 	 54 	 416 	 1 	 49 	 0 	 1311 	 11 	 2945 	 20 	 14 	 17 	 11 	 7
25 	 2392 	 81 	 1921 	 52 	 416 	 0 	 49 	 0 	 1318 	 7 	 2953 	 8 	 9 	 20 	 10 	 10
26 	 2471 	 79 	 1975 	 54 	 419 	 3 	 49 	 0 	 1333 	 15 	 2980 	 27 	 7 	 21 	 11 	 10
27 	 2545 	 74 	 2027 	 52 	 430 	 11 	 49 	 0 	 1358 	 25 	 3008 	 28 	 6 	 19 	 14 	 10
28 	 2622 	 77 	 2078 	 51 	 443 	 13 	 49 	 0 	 1395 	 37 	 3058 	 50 	 5 	 15 	 15 	 14
29 	 2692 	 70 	 2109 	 31 	 457 	 14 	 49 	 0 	 1452 	 57 	 3173 	 115 	 4 	 14 	 14 	 17
30 	 2753 	 61 	 2138 	 29 	 459 	 2 	 49 	 0 	 1476 	 24 	 3203 	 30 	 4 	 13 	 13 	 19
31 	 2806 	 53 	 2168 	 30 	 468 	 9 	 49 	 0 	 1508 	 32 	 3242 	 39 	 3 	 10 	 13 	 23
32 	 2857 	 51 	 2198 	 30 	 469 	 1 	 49 	 0 	 1519 	 11 	 3249 	 7 	 2 	 11 	 11 	 25
33 	 2902 	 45 	 2225 	 27 	 470 	 1 	 49 	 0 	 1530 	 11 	 3266 	 17 	 2 	 8 	 12 	 27
34 	 2941 	 39 	 2247 	 22 	 472 	 2 	 49 	 0 	 1538 	 8 	 3276 	 10 	 1 	 8 	 9 	 31
35 	 2976 	 35 	 2270 	 23 	 478 	 6 	 49 	 0 	 1554 	 16 	 3291 	 15 	 0 	 8 	 9 	 32
36 	 3009 	 33 	 2293 	 23 	 478 	 0 	 49 	 0 	 1561 	 7 	 3293 	 2 	 0 	 8 	 8 	 33
37 	 3040 	 31 	 2317 	 24 	 478 	 0 	 49 	 0 	 1567 	 6 	 3293 	 0 	 0 	 8 	 7 	 34
38 	 3069 	 29 	 2340 	 23 	 478 	 0 	 49 	 0 	 1567 	 0 	 3293 	 0 	 0 	 7 	 8 	 34
39 	 3097 	 28 	 2362 	 22 	 478 	 0 	 49 	 0 	 1569 	 2 	 3293 	 0 	 0 	 7 	 7 	 35
40 	 3126 	 29 	 2385 	 23 	 478 	 0 	 49 	 0 	 1573 	 4 	 3293 	 0 	 0 	 6 	 8 	 35
41 	 3154 	 28 	 2407 	 22 	 478 	 0 	 49 	 0 	 1574 	 1 	 3293 	 0 	 0 	 6 	 8 	 35
42 	 3181 	 27 	 2428 	 21 	 478 	 0 	 49 	 0 	 1575 	 1 	 3293 	 0 	 0 	 6 	 8 	 35
43 	 3210 	 29 	 2450 	 22 	 478 	 0 	 49 	 0 	 1577 	 2 	 3293 	 0 	 0 	 6 	 8 	 35
44 	 3237 	 27 	 2469 	 19 	 478 	 0 	 49 	 0 	 1580 	 3 	 3293 	 0 	 0 	 6 	 7 	 36
45 	 3263 	 26 	 2483 	 14 	 478 	 0 	 49 	 0 	 1580 	 0 	 3293 	 0 	 0 	 5 	 6 	 38
46 	 3284 	 21 	 2494 	 11 	 478 	 0 	 49 	 0 	 1581 	 1 	 3293 	 0 	 0 	 5 	 5 	 39
47 	 3303 	 19 	 2503 	 9 	 478 	 0 	 49 	 0 	 1582 	 1 	 3293 	 0 	 0 	 4 	 6 	 39
48 	 3323 	 20 	 2513 	 10 	 478 	 0 	 49 	 0 	 1583 	 1 	 3293 	 0 	 0 	 3 	 6 	 40
49 	 3340 	 17 	 2517 	 4 	 478 	 0 	 49 	 0 	 1583 	 0 	 3293 	 0 	 0 	 2 	 6 	 41
50 	 3355 	 15 	 2517 	 0 	 483 	 5 	 49 	 0 	 1595 	 12 	 3304 	 11 	 0 	 2 	 5 	 42
51 	 3366 	 11 	 2517 	 0 	 487 	 4 	 49 	 0 	 1609 	 14 	 3319 	 15 	 0 	 2 	 3 	 44
52 	 3376 	 10 	 2517 	 0 	 487 	 0 	 49 	 0 	 1612 	 3 	 3319 	 0 	 0 	 2 	 3 	 44
53 	 3386 	 10 	 2517 	 0 	 487 	 0 	 49 	 0 	 1613 	 1 	 3319 	 0 	 0 	 2 	 3 	 44
54 	 3396 	 10 	 2517 	 0 	 487 	 0 	 49 	 0 	 1614 	 1 	 3319 	 0 	 0 	 2 	 3 	 44
55 	 3404 	 8 	 2517 	 0 	 487 	 0 	 49 	 0 	 1614 	 0 	 3319 	 0 	 0 	 2 	 1 	 46
56 	 3410 	 6 	 2517 	 0 	 487 	 0 	 49 	 0 	 1615 	 1 	 3319 	 0 	 0 	 2 	 1 	 46
57 	 3416 	 6 	 2517 	 0 	 487 	 0 	 49 	 0 	 1615 	 0 	 3319 	 0 	 0 	 2 	 1 	 46
58 	 3421 	 5 	 2517 	 0 	 487 	 0 	 49 	 0 	 1615 	 0 	 3319 	 0 	 0 	 2 	 1 	 46
59 	 3428 	 7 	 2517 	 0 	 487 	 0 	 49 	 0 	 1615 	 0 	 3319 	 0 	 0 	 2 	 1 	 46
60 	 3431 	 3 	 2517 	 0 	 487 	 0 	 49 	 0 	 1615 	 0 	 3319 	 0 	 0 	 2 	 1 	 46
